version https://git-lfs.github.com/spec/v1
oid sha256:65640acb64f58626dd654cf75fbb9054c48cd9b471d78b0c853e29c008ac7210
size 3300625
